100
23957
24620
16548
7474
10646
2673
20791
3726
30846
4095
22522
26945
31670
11180
30522
3571
31375
2962
22645
9398
20264
27237
12388
8435
10897
21252
17464
16804
25648
16973
21541
25028
22628
6966
3869
11524
6761
8473
29662
3264
32124
27728
17198
24881
14655
3330
26469
23268
11614
20540
29997
2155
2163
23364
10630
27730
22055
4394
2317
12117
14490
30367
1149
17103
20742
2058
18038
1910
7071
13785
3709
19526
17085
31509
15685
14779
11580
16954
30252
32067
19491
3141
31241
18675
27525
3598
7973
31609
2725
14296
2695
1106
32605
23335
3701
22589
26817
25298
21047
2543
